==============================================================================
ACTUATOR FILTER SCAN on the stored PS-AC-R gains
==============================================================================
  unfiltered: proxy hi   85.910  lo  2.033   J = +0.1382

   depth     q     fr |       hi     lo         J
    0.03   1.0      0 |    8.055  5.173 -110.6235
    0.03   1.0   2500 |    2.510  1.858 -1348.0075
    0.03   1.0   1800 |    1.419  1.809 -1458.1102
    0.03   2.0      0 |   19.183  2.669   -0.1089
    0.03   2.0   2500 |    8.551 33.260 -1015.3943
    0.03   2.0   1800 |    4.264  3.502 -1253.1767
    0.03   4.0      0 |   32.773  2.396   -0.0718
    0.03   4.0   2500 |   17.539  4.573 -110.2116
    0.03   4.0   1800 |    7.929 29.863 -1029.8238
    0.10   1.0      0 |    8.413  3.622 -106.5307
    0.10   1.0   2500 |    2.703  2.188 -1301.4832
    0.10   1.0   1800 |    1.459  1.620 -1426.5944
    0.10   2.0      0 |   19.902  2.597   -0.1014
    0.10   2.0   2500 |    8.757 23.147 -188.1104
    0.10   2.0   1800 |    4.329  4.074 -1222.1406
    0.10   4.0      0 |   34.086  2.361   -0.0597
    0.10   4.0   2500 |   17.349  4.287 -107.9412
    0.10   4.0   1800 |    7.877 32.089 -1009.6557
    0.30   1.0      0 |   12.412  2.135 -100.3015
    0.30   1.0   2500 |    7.311  4.966 -1150.7956
    0.30   1.0   1800 |    2.263  1.850 -1322.0284
    0.30   2.0      0 |   24.377  2.416   -0.0665
    0.30   2.0   2500 |   26.052  7.190 -1015.9744
    0.30   2.0   1800 |    7.859  7.669 -1128.1649
    0.30   4.0      0 |   39.341  2.269   -0.0194
    0.30   4.0   2500 |   22.100  3.668 -1161.4608
    0.30   4.0   1800 |   23.262 15.201 -1070.8831

  full G1 judge (mu_RS point, actuator included) on the 3 best:
  depth 0.30 q 4.0 fr 0: RS(3 nodes) = 65.943  66.124  65.492   sup 66.124  [131s]
  depth 0.10 q 4.0 fr 0: RS(3 nodes) = 64.779  64.953  64.340   sup 64.953  [340s]
  depth 0.30 q 2.0 fr 0: RS(3 nodes) = 52.515  52.654  52.172   sup 52.654  [305s]

total 779s
